59.5111,56.6753,-446.405
44.3775,3.72556,-457.445
258.535,301.871,-935.406
198.831,-21.2685,-480.683
89.5196,-124.616,-391.348
331.29,373.747,-835.703
-42.4738,-91.5189,-636.972
-36.8834,-87.8152,-639.918
-148.436,-258.817,-844.074
89.8969,-121.468,-392.249
198.721,-17.4154,-480.895
-185.57,-108.976,-915.346
43.8867,-5.24426,-455.79
56.1746,62.5819,-447.641
65.8027,54.2793,-448.663
86.7295,-122.532,-392.202
202.337,-16.6327,-479.437
-33.5727,-78.4512,-645.102
-185.594,-113.401,-910.118
-154.512,-257.716,-840.605
-33.1394,-84.9772,-642.365
200.14,-15.9122,-480.341
87.9669,-122.715,-391.777
68.6406,54.5784,-450.102
53.9901,61.1613,-448.252
85.6099,123.458,-467.964
143.546,20.019,-422.303
-67.2267,-100.492,-735.023
-184.097,-108.046,-914.781
-180.598,-113.772,-916.483
-38.5329,-94.2272,-639.927
204.342,-23.501,-478.819
88.0122,123.919,-467.993
55.96,59.0525,-452.014
88.2597,39.1515,-485.282
54.5259,53.5897,-463.234
146.219,20.9214,-422.2
86.8435,119.784,-468.249
-118.197,-87.3704,-1024.27
-185.481,-106.546,-914.023
-73.4492,-101.88,-731.742
-54.1895,-97.7428,-753.387
-187.431,-110.513,-911.46
-111.87,-87.6493,-1027.5
86.9521,119.561,-468.223
148.569,19.1614,-422.192
56.9132,58.6427,-455.821
80.5399,20.0961,-481.503
-23.0924,-98.8829,-1004.61
295.854,9.97445,-547.328
-142.953,34.0586,-635.093
34.4349,247.466,-788.118
30.906,235.999,-790.561
34.8758,240.972,-790.061
32.1897,239.874,-789.629
-140.164,34.8252,-637.426
297.207,13.9597,-545.163
-26.0095,-103.185,-1008.21
-141.13,36.9569,-635.99
297.845,9.81562,-547.359
85.0264,27.122,-480.071
52.6951,54.8534,-476.196
27.5705,-37.7474,-801.799
35.4119,241.814,-789.684
9.7222,-309.144,-654.57
9.37581,-304.934,-651.541
36.7415,234.246,-791.376
27.7717,-37.0978,-801.993
52.211,53.6517,-469.648
84.6181,25.0651,-479.491
299.602,13.069,-547.535
-142.811,38.6132,-634.891
75.9163,39.8866,-477.725
-161.848,1.03661,-629.659
296.575,11.5937,-544.421
30.6482,239.79,-789.345
2.54183,-316.645,-649.481
-22.9096,-15.9373,-865.502
-25.4835,-27.5576,-863.319
9.25833,-68.4063,-797.316
35.0463,242.403,-789.71
-164.65,-11.3196,-626.751
-161.678,0.612552,-629.407
306.265,12.3979,-548.618
6.18934,-66.1009,-740.679
-165.49,-3.07377,-623.987
-139.225,34.4787,-637.607
5.37518,-310.441,-652.889
34.7324,242.634,-789.229
26.8789,245.471,-787.298
10.4268,-308.74,-655.288
-140.178,44.3892,-636.181
-167.702,-3.40436,-622.569
3.32055,-59.8819,-740.031
-100.391,-38.3005,-619.17
8.84557,-56.1155,-746.087
83.7481,24.0585,-478.948
77.6366,38.0851,-478.248
54.1173,43.1728,-493.001
7.78938,-59.0996,-740.38
32.7761,-33.8176,-803.667
29.7705,-41.4877,-802.508
3.18907,-61.0073,-738.77
79.267,31.7061,-479.602
53.1392,46.1389,-492.68
82.6233,19.4025,-479.517
1.73829,-62.5584,-742.445
-96.5169,-35.2539,-621.978
7.92251,-64.2402,-741.62
-100.042,-36.8362,-621.175
53.0388,46.0795,-493.233
81.5752,30.4692,-480.48
80.4442,21.1233,-481.397
-160.636,-0.164641,-629.514
150.149,17.7925,-422.318
-23.8596,-26.0029,-863.522
4.4945,-66.6352,-738.739
-0.58038,-60.6439,-738.488
-29.3276,-20.5253,-862.559
153.322,19.1652,-421.681
-162.912,-2.53814,-627.421
82.4187,21.373,-481.264
81.4143,30.9351,-480.604
-97.2622,-37.5439,-622.945
8.1177,-55.6767,-743.862
12.4472,-66.3144,-751.961
-38.4919,-89.5226,-1009.31
-140.725,39.0776,-637.426
85.9878,30.3574,-481.116
55.7309,45.7989,-493.225
85.8446,23.7143,-479.593
32.4277,-47.0225,-802.17
9.90417,-57.7801,-741.85
31.8041,244.693,-788.357
31.5679,239.288,-789.73
7.47,-60.1678,-740.782
29.1903,-41.1039,-802.216
84.278,26.4924,-479.123
88.2765,30.0346,-481.086
119.554,65.9484,-491.176
-140.552,38.4007,-637.724
-32.2287,-94.7245,-1008.41
10.3819,-67.961,-748.817
-26.9947,-99.1463,-1011.76
13.1111,-62.1984,-755.23
85.2944,22.3917,-478.794
52.1432,54.0975,-482.289
89.2951,31.8471,-481.61
5.90901,-59.9157,-740.297
27.5153,-46.4293,-801.391
27.2902,-38.1755,-802.185
6.32226,-57.8065,-740.742
51.6455,53.4821,-485.767
84.808,30.3546,-480.994
85.6878,23.5961,-479.307
-28.8517,-71.3316,-1003.04
-98.9696,-33.997,-622.784
39.19,22.8366,-456.749
106.64,30.3768,-429.376
-80.2787,-73.0234,-1075.83
40.2541,-64.7877,-1061.19
-63.6867,-46.0078,-1020.41
-112.49,-84.034,-1027.02
35.0491,-58.7778,-1060.94
87.1745,125.495,-467.569
105.254,32.8622,-430.777
35.1641,10.2884,-454.779
89.4838,42.5998,-486.825
37.9416,-1.4623,-453.134
-65.8846,-37.8709,-1021.08
38.4537,-58.1011,-1062.45
-57.0686,-91.6139,-754.389
-59.5009,-98.8889,-752.965
-54.9317,-97.307,-753.712
286.29,198.714,-1029.57
-66.7057,-37.3334,-1021.14
35.5655,0.11942,-453.356
103.96,31.485,-434.84
104.739,30.6487,-429.728
40.7824,-10.0657,-453.785
-82.9596,-179.198,-937.86
37.9493,-55.4482,-1061.92
-153.681,-254.201,-837.802
-59.5952,-91.4469,-754.519
-53.7546,-94.6928,-755.808
-36.1036,-84.425,-644.164
-84.0854,-65.7643,-1079.22
-81.0081,-182.49,-936.091
38.5335,-8.77894,-453.476
103.911,33.191,-429.257
75.7672,53.9971,-456.525
42.4111,-10.7626,-453.666
99.4928,34.0454,-430.796
-89.0632,-71.9633,-1073.47
-64.8314,-46.2291,-1021.32
-27.706,133.583,-479.415
-57.6827,-94.009,-754.713
-57.9668,-94.8951,-754.985
91.9614,-121.058,-393.225
-70.9954,-192.127,-939.328
-83.0359,-72.521,-1077.37
99.5427,31.8251,-432.05
134.61,121.194,-452.725
74.6908,55.4339,-453.616
