-107.437,-46.9806,312.831
-95.4545,-42.4649,305.155
-142.289,-39.7645,344.642
-126.753,-27.6612,353.332
-121.987,-32.0217,378.526
-142.211,-39.1533,345.12
-168.044,23.3578,401.254
-143.544,-57.8641,317.08
-80.6927,-65.7546,327.518
-81.1996,-65.9193,327.756
-143.733,-57.9665,316.921
-168.045,23.4414,401.517
-142.17,-39.26,344.968
-121.782,-30.8974,378.585
-127.448,-27.9835,353.948
-142.488,-39.4419,344.727
-96.1699,-43.2419,306.457
-107.231,-47.1058,312.627
-107.849,-46.7209,313.06
-122.132,-29.898,379.49
-127.253,-27.8874,353.887
-141.974,-39.0537,345.371
-142.338,-39.2437,344.665
-120.549,-20.7277,341.759
-81.8737,-66.1443,327.822
-79.6848,-65.5053,328.107
-80.1739,-65.8671,328.254
-82.237,-67.374,328.044
-119.765,-21.3178,342.049
-142.068,-39.272,344.987
-142.608,-38.8231,345.429
-127.682,-28.0024,353.949
-121.763,-30.506,378.977
-107.523,-47.1267,313.17
-107.319,-46.6746,312.387
-121.562,-29.4858,380.745
-127.516,-27.6242,353.478
-167.199,22.8707,401.002
-142.348,-39.4555,344.4
-120.154,-20.6435,341.609
-144.496,-57.2898,316.503
-166.519,23.0508,400.272
-166.42,23.1884,400.219
-143.837,-57.505,316.224
-120.25,-20.233,341.533
-142.08,-39.5707,344.583
-167.65,22.9816,401.27
-126.846,-27.4354,353.566
-120.253,-30.4336,381.221
-107.341,-46.6575,312.319
-90.417,-39.7849,302.646
-107.489,-46.4734,312.159
-127.151,-27.8428,353.602
-121.955,-29.236,379.964
-141.076,-39.9473,344.451
-142.731,-39.319,344.798
-166.928,22.7099,401.034
-145.667,-56.5904,315.874
-81.1135,-68.0459,327.17
-79.6873,-68.8403,326.55
-144.287,-56.9929,315.706
-166.68,22.7102,400.917
-142.588,-39.3153,344.941
-141.346,-40.0181,344.853
-122.071,-29.8021,379.71
-126.595,-27.6142,353.628
-107.566,-46.282,312.345
-90.3534,-40.048,303.115
-120.662,-83.9259,361.997
-94.91,-35.1657,312.987
-117.365,-82.6199,361.219
-124.422,-82.7292,363.315
-128.2,-27.0844,353.528
-126.679,11.5743,359.723
-128.365,6.92079,360.183
-146.749,-56.0332,315.096
-127.004,12.0824,359.042
-127.486,-27.2449,352.962
-124.051,-82.7431,362.809
-117.648,-83.0774,361.689
-94.9633,-35.2445,312.947
-120.732,-83.83,362.001
-117.383,-82.4251,361.351
-95.106,-35.2522,313.147
-96.2656,-36.6344,312.775
-107.348,-46.72,312.558
-123.904,-82.3199,362.456
-124.654,-82.4577,362.838
-123.872,-82.854,362.69
-128.125,7.89482,360.132
-127.278,10.6436,360.95
-127.586,9.31589,361.667
-126.703,7.62148,359.806
-123.633,-82.8039,362.705
-124.646,-82.3277,362.896
-123.681,-82.8129,361.925
-107.351,-46.5808,312.425
-96.7686,-36.6163,312.707
-94.6294,-35.4522,312.926
-116.931,-81.6766,361.613
-94.6952,-35.5191,313.037
-93.6567,-35.4626,312.969
-94.8726,-35.0322,312.926
-127.405,-27.3029,353.556
-124.536,-82.9791,362.458
-121.59,-82.2171,361.601
-146.141,-56.1457,315.066
-127.416,8.21086,360.769
-128.087,7.40054,361.467
-146.515,-55.5239,314.929
-121.551,-82.0649,361.767
-124.148,-82.9003,362.428
-128.296,-27.4886,353.851
-94.3977,-35.2776,312.796
-93.7566,-35.3391,313.149
-94.5623,-35.432,313.138
-121.966,-81.6955,361.604
-94.3631,-35.1843,313.11
-117.173,-80.7737,361.385
-124.956,-82.9055,362.917
-126.753,-27.3605,353.666
-128.167,7.96493,361.928
-145.971,-55.8703,314.911
-145.689,-55.911,314.404
-128.273,7.49058,361.886
-126.676,-27.8575,353.404
-124.383,-82.805,362.717
-117.124,-80.701,360.636
-94.5122,-35.2274,312.824
-122.174,-81.3639,361.498
-119.63,-84.3169,362.354
-121.544,-84.0382,361.525
-92.6244,-39.2845,306.625
-94.9579,-35.6471,313.356
-107.876,-48.9142,312.376
-122.346,-81.3969,361.276
-122.093,-82.3938,361.814
-127.133,8.4384,360.915
-114.066,-53.0843,337.273
-112.825,-52.851,336.83
-114.793,-53.6421,338.279
-122.073,-82.3864,361.863
-122.516,-81.5264,361.812
-95.6474,-35.556,313.744
-107.597,-49.0152,312.594
-92.02,-39.7689,305.768
-121.402,-82.9996,361.307
-119.663,-84.3611,361.947
-121.189,-82.1806,361.606
-120.442,-84.9764,362.456
-112.176,-48.9211,311.053
-95.89,-35.8512,313.597
-91.1294,-39.988,303.771
-93.7431,-35.3285,313.12
-126.163,-27.5531,353.341
-122.139,-82.3613,362.053
-122.077,-81.381,361.144
-110.897,-50.8018,335.701
-112.442,-52.8317,336.984
-121.859,-81.2369,361.111
-122.013,-82.269,361.989
-126.896,-27.5825,353.169
-93.48,-35.5351,312.866
-91.4164,-39.7625,304.627
-95.7634,-35.8216,313.573
-119.888,-84.367,362.325
-120.637,-82.5815,361.771
-121.727,-83.2912,363.392
-121.371,-85.6126,361.831
-119.18,-84.1874,361.979
-95.9787,-36.1877,313.049
-107.844,-48.5403,313.085
-94.4248,-38.451,308.448
-122.101,-82.646,361.904
-122.122,-81.6133,361.305
-124.239,-82.7984,362.947
-113.824,-53.6766,337.178
-113.389,-53.7305,336.957
-124.482,-82.6005,363.038
-122.299,-81.431,360.649
-122.605,-82.642,361.895
-93.4563,-38.8989,307.557
-96.2882,-36.3582,312.928
-107.244,-48.454,313.325
-118.077,-83.4443,362.002
-120.625,-84.5227,360.874
-121.812,-84.0582,363.254
-121.27,-85.8571,361.471
-121.881,-82.4547,363.773
-95.9886,-38.0396,310.235
-106.59,-47.47,312.648
-96.0271,-35.9504,313.201
-122.617,-80.8836,360.92
-123.884,-82.2287,362.067
-114.086,-53.5253,337.632
-126.811,9.07094,359.319
-126.882,8.11041,359.384
-115.327,-53.3668,338.093
-123.587,-82.3335,362.516
-122.548,-81.1471,360.756
-106.104,-48.1333,312.626
-95.9527,-35.8259,313.335
-97.3471,-37.032,311.683
-120.876,-83.0228,361.117
-121.071,-85.6764,362.647
-107.072,-48.1942,314.444
-89.6105,-40.9516,299.487
-120.082,-30.2284,381.893
-116.335,-28.5722,381.49
-141.157,-39.6853,344.44
-120.995,-21.9356,342.501
-166.778,22.9874,400.5
-166.797,22.5363,400.817
-121.212,-21.8598,342.514
-141.006,-39.7327,344.468
-118.135,-28.3859,381.28
-120.155,-30.1673,381.51
-89.0346,-40.2045,299.423
-105.928,-48.7596,314.185
-89.8812,-39.9674,301.447
-105.467,-47.9077,313.738
-141.594,-39.7473,344.741
-115.845,-28.7575,381.621
-166.656,22.3371,400.973
-146.226,-56.2049,315.719
-167.061,22.5452,400.999
-166.016,22.9762,400.011
-166.114,22.7176,400.094
-166.947,22.5019,400.73
-146.187,-56.0034,315.407
-166.544,22.2724,400.95
-141.405,-40.1389,344.84
-141.775,-39.7853,344.678
-105.47,-48.6386,313.904
-89.2653,-39.8045,300.186
-92.6458,-41.8821,302.138
-101.824,-44.2643,311.028
-142.687,-39.6702,345.098
-119.113,-29.0806,381.452
-141.965,-38.9804,345.38
-166.484,22.4009,400.79
-120.928,-21.4291,342.602
-80.4987,-66.1586,328.167
-81.1932,-66.0898,328.015
-120.948,-22.1739,342.696
-166.534,22.3135,400.863
-141.851,-39.0744,345.293
-119.957,-29.6796,381.7
-142.728,-39.7293,344.877
-100.34,-43.6574,309.486
-91.1338,-41.5365,300.701
-107.634,-47.5637,313.927
-103.847,-45.734,312.908
-94.7919,-41.9355,303.967
-120.272,-29.9372,381.885
-141.995,-39.7996,344.849
-127.514,-27.9268,354.003
-119.874,-21.5712,342.241
-166.545,22.1971,401.029
-166.909,22.4626,401.114
-119.395,-21.4181,341.907
-122.1,-32.0148,378.505
-142.062,-39.9861,344.314
-120.369,-29.5446,381.948
-95.3966,-42.4502,304.9
-105.026,-46.6074,313.931
-107.553,-46.9992,313.37
