0.0576061,-0.0380543,0.0555837
0.115922,-0.0613828,0.0342844
0.098195,-0.0359175,0.00593782
0.0628255,-0.0325663,-0.0507063
0.0791885,-0.0259509,-0.0136881
0.122869,-0.102098,0.00901179
0.119946,-0.0956268,0.0237053
-0.0370304,0.0230098,0.452076
0.0532563,-0.051087,0.465502
0.0549374,-0.0494422,0.46168
-0.0388681,0.0267007,0.453004
0.101966,-0.11234,0.0074526
0.121332,-0.0954775,0.0107969
0.0670965,-0.0172342,0.0302376
0.0677731,-0.0281598,-0.0538418
0.100243,-0.0348542,0.00567684
0.105054,-0.0535343,0.0301843
0.0631741,-0.0428772,0.0498881
0.0553605,-0.0356433,0.0578321
0.059181,-0.0104357,0.0972408
0.0791111,-0.0310762,-0.0489691
0.118868,-0.115815,0.0182817
0.123163,-0.0803051,0.00672595
0.0519749,0.0469091,0.584807
0.0664673,0.00573422,0.537853
-0.0232793,0.00983838,0.444218
-0.00925039,0.00245065,0.446331
0.0613203,0.0151909,0.541219
0.0385969,0.0471974,0.599647
0.123692,-0.0871655,0.00956282
0.109127,-0.115568,0.013564
0.0741323,-0.0287209,-0.0555335
0.0569736,-0.019541,0.0705632
0.0516606,-0.0348018,0.0578313
0.0587045,-0.0460361,0.052884
0.0403217,0.0272974,0.207823
0.0582193,-0.043243,-0.0419002
0.116846,-0.103319,0.0144029
0.115308,-0.0464294,0.00944564
0.0476708,0.0486399,0.586058
-0.0271773,0.0216772,0.451795
-0.129447,-0.175942,3.09825
0.114966,-0.0730945,-0.0252565
-0.00893125,0.00959738,0.445508
0.0419072,0.0492641,0.579204
0.104273,-0.0386513,0.00941684
0.117479,-0.102676,0.0199728
0.0593575,-0.0375899,-0.0471993
0.0418844,0.035678,0.222922
0.0582089,-0.0450654,0.0561406
0.128211,-0.0838063,0.00459906
0.0587185,-0.0393602,0.0572737
0.0677232,-0.057851,-0.0379399
0.0578892,0.0266231,0.159476
0.105358,-0.0732272,0.0208963
0.12507,-0.0566457,0.00610667
0.122663,-0.102562,0.00902981
0.201157,-0.162933,-0.328476
0.0552203,0.026651,0.546316
0.0396565,0.0400539,0.565018
0.21721,-0.158463,-0.249028
0.126913,-0.104511,0.00909149
0.12588,-0.0735744,0.00779842
0.100889,-0.0739301,0.0182171
0.0718769,0.0137634,0.113971
0.0727597,-0.0740553,-0.0253714
0.0586058,-0.0436236,0.0589881
0.110036,-0.0741525,0.00859211
0.0656587,-0.0565442,0.00466926
0.103051,-0.199273,-0.470155
0.0877301,-0.0623396,0.0324734
0.0626444,-0.0799273,-0.00203539
0.0921429,-0.100944,0.0925704
0.158226,-0.227592,-0.363049
0.0896863,-0.0933666,0.0645459
0.0671229,-0.0744427,-0.011155
0.0799502,-0.0627833,0.0342099
-0.277096,-0.143643,2.63925
0.0763184,-0.0501791,-0.00186749
0.0956359,-0.0627114,0.0336414
0.108648,-0.191859,-0.422687
0.113559,0.132423,0.443813
0.0588019,-0.0399236,0.0463443
0.0759745,-0.100388,0.0198164
0.0834652,-0.0968689,-0.0107457
0.065328,-0.0770857,-0.00535147
0.0633689,-0.077274,-0.0158321
0.0876669,-0.0944717,-0.000243307
0.055496,-0.105088,0.0126708
0.0606029,-0.0385616,0.0481355
0.138627,0.0963683,0.30756
0.101813,-0.169392,-0.367943
0.105185,-0.0629489,0.0204249
0.10772,-0.139004,-0.274644
0.100926,-0.065599,-0.0764905
0.100484,-0.21234,-0.490709
0.106391,-0.130022,0.0697734
0.0586203,-0.0797049,-0.00945235
0.105075,-0.00211227,0.0054445
0.178739,-0.231688,-0.400177
0.190033,-0.218238,-0.419685
0.109868,0.00734175,0.00375345
0.0600009,-0.0993027,-0.00657586
0.111456,-0.117779,0.0800644
0.105787,-0.148447,-0.30152
0.102182,-0.0608682,-0.0429005
0.11082,-0.15764,-0.31879
0.106784,-0.0480033,-0.0116482
0.085485,-0.104487,-0.179262
0.108592,-0.0599392,0.0131905
0.0625327,-0.0755576,-0.006442
0.0898094,-0.120285,0.0431909
0.215668,-0.200105,-0.443788
0.197127,-0.221433,-0.4245
0.0836611,-0.109833,0.0321304
0.0615328,-0.0748378,-0.00339436
0.103551,-0.0533571,0.00169988
0.103833,-0.133499,-0.243448
0.089999,-0.0469391,-0.00775016
0.0681765,-0.0618973,0.0118511
0.100883,-0.050963,-0.016519
0.0792859,-0.0337084,0.00116149
0.0958341,-0.115952,-0.233385
0.057463,-0.0397238,0.0533871
0.100406,0.0551504,-0.0204497
0.0906545,-0.0453796,0.0219968
0.0835853,-0.0571589,0.0266764
0.123507,0.037919,-0.0177396
0.104076,-0.109798,-0.186503
0.0567946,-0.0412865,0.0542359
0.0791189,-0.0470571,0.000569074
0.0869668,-0.0524759,-0.026085
0.0536811,-0.0658202,0.00598328
0.105735,-0.045761,-0.0185914
0.0368207,-0.063809,-0.00146758
0.0593949,-0.0373471,0.0507182
0.0849618,-0.0761057,-0.0623516
0.0997762,-0.0664968,0.00726626
0.0925894,-0.0846919,-0.117656
0.0714982,-0.0897809,-0.00581595
0.0992686,-0.0276036,0.0218083
0.0847856,0.0521013,-0.0249041
0.0647205,0.0380655,-0.0244802
0.101583,-0.0160794,0.0154388
0.075182,-0.103476,0.0189931
0.0990893,-0.0757888,-0.093447
0.0873093,-0.0539962,0.00541891
0.0969315,-0.0888399,-0.0954461
0.0493561,-0.0629768,0.00237015
0.109107,-0.0449773,-0.0124763
0.127555,-0.0427385,-0.00498093
0.0383075,-0.0532188,-0.00849216
0.0574021,-0.0651753,0.0207019
0.0639419,-0.0741232,0.00724035
0.0553555,-0.0450927,0.0522984
0.064215,-0.0218951,0.0278328
0.0774515,-0.0711756,0.0261434
0.0729109,-0.0393695,-0.00948875
0.0715293,-0.0842752,-0.00861263
0.0769438,-0.0878118,-0.00855336
0.0560308,-0.0258955,-0.0126545
0.0765364,-0.0856688,0.0245781
0.0663163,-0.027426,0.0131698
0.0672757,-0.0711914,0.0108637
0.0557674,-0.0456677,0.0496923
0.0709597,-0.0602148,0.0311157
0.05222,-0.0552874,-0.00561218
0.118558,-0.0407614,-0.0153949
0.0382286,-0.0590789,-0.00914254
0.0881506,-0.0447658,-0.00478822
0.0835249,0.00353901,0.0702373
0.0567059,-0.0421272,0.045887
0.0637052,-0.076668,-0.00461642
0.0643687,0.0208387,-0.0202218
0.0848375,-0.102714,0.0234123
0.0819781,-0.0975537,0.0264306
0.0637426,0.00354111,-0.0156383
0.0523954,-0.0449387,0.0457746
0.0683207,-0.0718463,-0.00586224
0.10985,0.0502393,0.174823
0.0821403,-0.0479736,-0.00627102
0.0364233,-0.0662887,-0.00492759
0.0453048,-0.0354105,0.0531253
0.139022,-0.0856781,0.0137787
0.0133916,0.0543068,0.29288
0.104652,-0.076251,0.0034956
0.0955974,-0.0504421,0.0301706
0.0943175,-0.0444834,0.0552938
0.0946935,-0.0770338,-0.0416827
0.0804467,-0.0770016,0.106906
0.10036,-0.0494886,0.0526576
0.105417,-0.0649892,0.0199842
0.125213,-0.0733013,-0.000720127
0.0278686,0.0390145,0.256694
0.143398,-0.0881054,0.011636
0.0412813,-0.0359351,0.0529402
0.136365,-0.0921855,0.00613749
0.0482638,-0.0252922,0.0406961
0.0964162,-0.0377034,0.0249955
0.101846,-0.082956,0.00428956
0.130205,-0.107949,0.0118518
0.211537,-0.182644,-0.379042
0.105563,-0.100717,0.0488664
0.109551,-0.0942297,0.00309599
0.124317,-0.0203268,0.020975
0.0912189,-0.0901741,0.0770369
0.216887,-0.192329,-0.428491
0.129968,-0.103688,0.00943832
0.102326,-0.0748652,0.00435263
0.096371,-0.0342882,0.0217463
0.0385166,-0.0328318,0.0455132
0.141124,-0.090405,0.00965334
0.142157,-0.0810504,0.0180081
0.10478,-0.0467608,0.028777
0.0952403,-0.0298385,0.0110045
0.133175,-0.0737146,-0.003463
0.125284,-0.106604,0.00879346
0.127345,-0.114901,0.012945
0.106585,-0.0117888,0.029682
0.0333623,-0.0183171,0.454761
0.0553471,-0.0467333,0.459705
0.0912213,-0.0283293,0.0536466
0.129076,-0.112228,0.0132243
0.122986,-0.107127,0.0160623
0.0276821,0.0472586,0.324436
0.0908429,-0.0330977,0.0144611
0.106248,-0.0505548,0.0291485
0.141879,-0.0828956,0.0156131
0.046494,-0.0348983,0.0536389
0.0812523,-0.0219607,0.0436821
0.135194,-0.0796391,0.0226932
0.0226685,0.0553454,0.318703
0.0993455,-0.0317826,0.0181365
0.0834272,-0.0325054,-0.046679
0.113158,-0.0196486,0.0450009
0.12315,-0.113824,0.0157017
0.119215,-0.111998,0.0219418
0.105825,-0.0228995,0.0402236
0.0821638,-0.0322271,-0.0335523
0.0971285,-0.0370167,0.0167875
0.0223406,0.0529476,0.326885
0.136445,-0.0747431,0.0272034
0.0481591,-0.0222131,0.0349475
0.0532475,-0.0325117,0.0565436
