-132.891,-102.861,712.244
-132.913,-131.36,592.385
-90.9465,-71.9117,471.084
-119.602,-60.5839,413.531
-121.954,-62.9178,427.477
-141.755,-79.6179,452.49
-134.49,-88.111,455.42
-109.477,-40.8723,728.744
-120.919,-112.426,604.685
-121.501,-111.28,607.238
-107.512,-34.1995,750.432
-157.95,-75.4582,452.986
-135.231,-78.8478,453.657
-119.324,-65.079,432.253
-118.203,-58.5476,414.292
-91.131,-71.8258,470.789
-127.846,-120.538,612.178
-137.592,-101.779,712.218
-130.221,-103.493,712.43
-114.341,-66.5842,438.289
-120.193,-58.5453,419.045
-154.492,-85.0522,450.178
-122.673,-76.8381,456.212
-74.0986,-98.7027,710.968
-89.1331,-118.204,655.179
-113.39,-51.0015,707.374
-114.962,-63.5075,686.344
-85.4365,-111.101,666.668
-70.7407,-97.1444,709.838
-129.425,-78.0866,455.041
-156.868,-81.5729,450.932
-118.524,-56.9529,416.726
-117.214,-65.9943,435.436
-127.418,-104.268,711.844
-138.359,-101.156,712.814
-99.6035,-65.9956,447.523
-123.696,-69.0932,420.32
-139.309,-90.5877,455.073
-96.722,-72.2092,466.405
-73.7765,-101.019,711.23
-106.34,-36.9814,765.132
33.7008,63.3741,698.146
-145.224,-47.0871,678.212
-109.293,-44.4357,770.892
-72.8187,-101.995,704.635
-92.2012,-71.9606,469.229
-136.842,-90.7969,454.833
-121.352,-64.0652,416.199
-96.6411,-65.43,448.703
-138.242,-101.207,713.042
-142.259,-125.632,563.582
-137.379,-100.719,714.777
-128.153,-76.0587,424.141
-105.787,-67.4935,444.043
-128.473,-68.3478,458.435
-102.751,-73.4671,462.463
-141.718,-91.793,455.788
-213.762,-120.706,734.328
-81.3758,-105.236,678.545
-75.9534,-102.091,693.905
-200.002,-113.303,736.063
-143.455,-95.0084,455.9
-114.22,-75.1193,457.871
-129.901,-66.9957,458.97
-110.78,-67.5439,440.859
-133.05,-85.0604,431.133
-137.793,-101.23,713.615
-137.165,-117.033,583.586
-131.022,-45.3348,653.871
-220.733,-56.8719,632.496
-132.654,-92.9851,652.979
-139.51,-86.5894,608.495
-135.487,-106.582,530.369
-233.677,-94.7867,666.253
-136.829,-107.233,541.884
-144.302,-83.2795,620.752
-133.243,-86.3066,652.568
-24.5029,-35.233,687.466
-131.298,-38.1621,652.523
-130.045,-102.285,654.026
-213.395,-65.1057,630.813
-35.6817,-116.434,705.899
-140.137,-95.3681,715.586
-187.254,-103.891,679.205
-144.207,-96.6385,569.768
-150.323,-80.4212,638.719
-147.918,-81.3224,626.954
-144.368,-102.369,556.465
-186.343,-88.1817,675.77
-138.903,-97.204,715.188
-74.0026,-117.185,710.015
-203.406,-74.6163,637.314
-128.151,-109.064,655.151
-184.94,-87.0044,639.954
-129.769,-115.161,662.952
-228.704,-57.2129,631.716
-152.138,-114.422,498.743
-172.178,-69.0978,667.922
-76.2885,-115.813,688.979
-245.354,-100.531,665.526
-242.76,-105.437,690.461
-62.1096,-119.225,689.383
-183.581,-74.8826,670.591
-144.392,-112,512.511
-186.703,-94.3884,642.622
-122.496,-119.182,661.939
-195.424,-82.8861,636.316
-125.069,-145.301,683.391
-158.483,-101.5,657.451
-122.868,-114.098,657.239
-165.639,-69.8719,664.945
-149.42,-109.911,486.277
-243.305,-114.223,710.088
-241.308,-112.237,691.815
-144.304,-108.645,474.212
-156.473,-75.2346,656.908
-118.086,-116.865,660.705
-175.454,-96.7499,646.356
-112.167,-139.035,685.284
-138.055,-58.2052,650.254
-134.946,-126.461,673.934
-132.36,-92.5662,661.772
-172.734,-88.4196,642.509
-140.252,-95.1482,715.75
-21.8535,-123.442,697.186
-126.388,-111.652,685.095
-141.947,-112.611,685.195
-37.4211,-123.215,690.606
-162.402,-94.1829,639.59
-140.97,-95.3072,715.56
-132.568,-95.0805,639.59
-134.98,-134.494,678.951
-138.5,-53.4293,649.323
-130.387,-147.89,683.225
-136.83,-41.3902,649.464
-140.378,-94.8162,716.167
-142.756,-101.584,643.931
-134.773,-110.108,599.015
-139.543,-108.965,659.746
-135.847,-93.8076,444.317
-104.557,-111.943,687.263
-18.5536,-123.005,699.209
-28.5477,-126.51,699.203
-90.7475,-113.686,688.033
-139.35,-102.016,458.903
-134.382,-109.557,661.719
-132.882,-100.561,622.658
-145.073,-102.258,640.998
-138.133,-49.3397,649.587
-129.879,-144.504,682.359
-130.043,-78.7691,666.252
-132.295,-28.0656,651.022
-136.919,-64.9209,650.923
-139.457,-96.1576,637.297
-141.639,-95.2507,714.76
-129.625,-87.1436,704.877
-155.452,-110.675,685.393
-104.171,-136.399,688.288
-140.471,-89.7237,594.03
-142.145,-93.1436,583.775
-85.3822,-129.456,691.34
-170.506,-110.367,684.032
-130.631,-90.6758,682.674
-136.776,-97.7868,635.825
-141.984,-94.7992,714.39
-134.093,-77.8188,652.271
-130.957,-28.0574,650.317
-132.664,-101.332,668.458
-134.557,-30.2464,649.774
-129.913,-62.1916,662.819
-125.635,-96.1967,715.531
-141.643,-93.976,714.964
-142.221,-93.5942,639.355
-43.509,-129.906,696.497
-185.098,-110.09,681.326
-180.66,-111.501,682.469
-65.9054,-130.354,694.9
-142.681,-93.8507,714.851
-138.496,-95.2994,643.95
-104.395,-105.607,717.001
-131.185,-53.9379,658.896
-136.11,-33.8391,648.518
-116.078,-103.716,705.295
-145.061,-140.05,547.933
-86.7082,-61.3916,453.701
-131.396,-68.0684,457.014
-117.396,-72.139,464.74
-134.437,-42.5641,781.685
-136.519,-48.5401,639.202
-137.748,-83.4139,462.608
-136.308,-46.4695,761.017
-127.833,-69.3978,459.898
-130.437,-79.4186,446.312
-92.2287,-62.6469,450.919
-145.803,-138.452,545.033
-112.849,-101.736,703.328
-144.655,-129.84,552.762
-106.707,-98.2486,696.338
-110.222,-72.8252,468.191
-132.158,-67.2463,457.116
-146.419,-105.187,455.611
-223.567,-112.984,725.181
-146.63,-93.4343,457.046
-150.293,-42.3633,699.731
-144.814,-47.617,738.862
-142.974,-88.6221,459.166
-233.819,-111.068,716.998
-144.88,-100.005,456.571
-132.509,-66.5117,458.763
-103.679,-73.3475,469.61
-108.148,-98.8639,698.877
-145.745,-135.995,545.859
-143.458,-143.593,554.499
-121.064,-115.623,627.112
-91.0229,-72.0897,472.49
-131.787,-81.9163,442.895
-146.671,-80.9736,451.433
-150.881,-107.438,453.022
-110.84,-41.8447,848.08
-118.979,-93.6205,636.183
-121.788,-108.85,612.386
-122.406,-40.7138,816.023
-149.395,-109.05,453.878
-149.687,-83.8743,451.347
-78.3054,-62.9987,456.169
-93.5305,-73.2068,471.7
-124.615,-117.738,619.62
-144.475,-142.002,549.935
-119.616,-104.976,707.321
-104.887,-106.046,668.263
-142.216,-142.322,562.254
-82.1616,-59.3471,454.114
-97.8319,-74.5694,470.425
-121.116,-59.499,420.182
-105.15,-61.8256,890.219
-151.597,-104.402,453.017
-151.708,-100.246,453.624
-115.991,-64.7629,880.078
-122.533,-61.4656,423.041
-96.0497,-73.715,470.31
-79.1698,-60.1726,455.793
-139.964,-141.252,567.996
-105.699,-98.8557,693.503
-122.374,-105.116,709.179
